 C           6.0   2.3568210134   0.6976383126   0.2383814629
 C           6.0   2.3920967962   2.0797793896   0.0358359965
 C           6.0   1.1725688114   2.7314155351  -0.1668570673
 C           6.0  -0.0247976928   2.0365164181  -0.1606183790
 C           6.0  -0.0378835617   0.6652020429   0.0372531888
 C           6.0   1.1610781168  -0.0006004971   0.2337787495
 C           6.0   3.6981093991   2.8416950617   0.0361234251
 C           6.0   4.9238097729   2.1818905477  -0.0857487937
 C           6.0   6.1202388972   2.8787504023  -0.0815775764
 C           6.0   6.1262715157   4.2595342107   0.0334314558
 C           6.0   4.9211433965   4.9329538855   0.1505629589
 C           6.0   3.7265471683   4.2335300117   0.1577558397
 H           1.0   3.2722294144   0.1503469980   0.4092440527
 H           1.0   1.1485771387   3.7974620528  -0.3383860778
 H           1.0  -0.9531858369   2.5717910804  -0.3139422530
 H           1.0  -0.9734146480   0.1207253666   0.0381606192
 H           1.0   1.1675372589  -1.0721613399   0.3880922915
 H           1.0   4.9541388578   1.1074214488  -0.1919475777
 H           1.0   7.0537294305   2.3380285658  -0.1717980681
 H           1.0   7.0610121680   4.8052465990   0.0317695563
 H           1.0   4.9093090663   6.0118130239   0.2396595685
 H           1.0   2.8059635174   4.7879608841   0.2659266276
